% System mit PID-Regler
% Parameter: K=5 TV=12,73 TN=127,3
% Handventilstellungen:5 4 4 Umdrehungen geöffnet
% letztes Ventil 3 --> 2--> 3 Umdrehungen
% Sollwert 2,5V
% 1. Spalte: U-pumpe
% 2. Spalte: Istwert h4 in Volt
% 3. Spalte: Sollwert h4 in Volt
% 1 Volt= 3,38 cm
%----------------------------------------------
t=(0:360)*5; %Zeitvektor Abtastintervall 5 s
x=[0.0000	0.0360	0.0000
8.8550	0.0360	0.0000
9.8940	0.0360	2.4910
9.8980	0.0360	2.4890
9.8930	0.0690	2.4900
9.4120	0.2360	2.4880
8.4870	0.3870	2.4910
8.3670	0.5190	2.4900
8.0600	0.6650	2.4910
7.4690	0.8140	2.4910
6.4840	1.0240	2.4900
6.2920	1.1400	2.4910
7.8360	1.1500	2.4910
8.1990	1.1770	2.4890
7.9340	1.2370	2.4920
6.3980	1.3970	2.4910
6.6530	1.4800	2.4910
6.5380	1.5700	2.4900
6.2110	1.6620	2.4910
5.9610	1.7520	2.4900
5.8620	1.8260	2.4910
5.7860	1.8920	2.4890
5.5840	1.9570	2.4900
5.5330	2.0120	2.4910
5.5200	2.0580	2.4910
5.5500	2.0890	2.4890
5.5610	2.1220	2.4920
5.5670	2.1470	2.4890
5.6130	2.1660	2.4880
5.6220	2.1840	2.4870
5.6610	2.2000	2.4910
5.7660	2.2080	2.4920
5.8270	2.2100	2.4920
5.8830	2.2180	2.4900
5.7860	2.2270	2.4900
5.7250	2.2440	2.4910
5.7550	2.2590	2.4880
5.7450	2.2700	2.4890
5.7360	2.2780	2.4900
5.7600	2.2870	2.4910
5.7720	2.3040	2.4890
5.6830	2.3130	2.4900
5.7170	2.3210	2.4900
5.7370	2.3300	2.4920
5.7280	2.3390	2.4940
5.7210	2.3480	2.4900
5.8450	2.3490	2.4900
5.7900	2.3560	2.4880
5.7610	2.3640	2.4880
5.7450	2.3730	2.4890
5.7070	2.3810	2.4900
5.7150	2.3900	2.4880
5.6570	2.3990	2.4910
5.7070	2.4070	2.4910
5.7530	2.4080	2.4880
5.8140	2.4080	2.4900
5.7090	2.4160	2.4900
5.8020	2.4160	2.4900
5.8370	2.4200	2.4910
5.7630	2.4250	2.4910
5.7180	2.4330	2.4890
5.7990	2.4330	2.4910
5.7160	2.4420	2.4910
5.6780	2.4510	2.4870
5.7410	2.4520	2.4890
5.6740	2.4600	2.4890
5.6350	2.4680	2.4910
5.6970	2.4680	2.4890
5.6170	2.4760	2.4920
5.6790	2.4760	2.4910
5.7150	2.4770	2.4910
5.7250	2.4770	2.4880
5.7390	2.4770	2.4890
5.7520	2.4770	2.4900
5.6330	2.4850	2.4930
5.6990	2.4860	2.4890
5.7330	2.4850	2.4910
5.7410	2.4850	2.4930
5.7000	2.4940	2.4890
5.6690	2.4940	2.4900
5.7090	2.4940	2.4900
5.7240	2.4930	2.4900
5.7350	2.4930	2.4890
5.6070	2.5020	2.4890
5.6760	2.5020	2.4920
5.7070	2.5020	2.4920
5.7070	2.5020	2.4920
5.7160	2.5020	2.4890
5.7190	2.5020	2.4890
5.7220	2.5020	2.4900
5.7260	2.5020	2.4900
5.7330	2.5020	2.4930
5.7340	2.5020	2.4910
5.7420	2.5020	2.4920
5.6130	2.5110	2.4890
5.6830	2.5110	2.4900
5.7070	2.5110	2.4890
5.7130	2.5110	2.4910
5.7190	2.5110	2.4910
5.7210	2.5110	2.4880
5.7230	2.5110	2.4900
5.7270	2.5110	2.4910
5.7290	2.5110	2.4910
5.7350	2.5110	2.4920
5.6090	2.5200	2.4920
5.6700	2.5200	2.4890
5.6900	2.5200	2.4890
5.6960	2.5200	2.4930
5.6950	2.5200	2.4910
5.6910	2.5200	2.4880
5.6970	2.5200	2.4890
5.7020	2.5200	2.4890
5.6960	2.5200	2.4900
5.7010	2.5200	2.4900
5.7020	2.5200	2.4900
5.7050	2.5200	2.4900
5.7040	2.5200	2.4870
5.7060	2.5200	2.4900
5.7090	2.5200	2.4900
5.7130	2.5200	2.4900
5.4530	2.5670	2.4910
3.2920	2.7350	2.4900
1.2460	2.9690	2.4890
0.0000	3.1700	2.4890
0.0000	3.2880	2.4880
0.2860	3.3400	2.4900
0.6820	3.3480	2.4920
0.7970	3.3480	2.4910
0.9630	3.3200	2.4910
1.5930	3.2480	2.4900
2.2390	3.1530	2.4900
3.1280	3.0320	2.4900
3.6590	2.9100	2.4870
4.1910	2.7940	2.4910
4.6400	2.6800	2.4910
4.8710	2.5960	2.4900
4.7700	2.5440	2.4900
4.6140	2.5180	2.4890
4.4310	2.5020	2.4880
4.3970	2.4940	2.4890
4.3410	2.4930	2.4900
4.4150	2.4850	2.4900
4.3650	2.4780	2.4890
4.4470	2.4770	2.4890
4.5330	2.4680	2.4880
4.4930	2.4670	2.4880
4.5850	2.4600	2.4900
4.5390	2.4580	2.4900
4.6540	2.4510	2.4880
4.6070	2.4510	2.4900
4.6080	2.4510	2.4900
4.6260	2.4510	2.4890
4.6410	2.4510	2.4890
4.6530	2.4510	2.4890
4.6630	2.4510	2.4890
4.6810	2.4500	2.4880
4.6980	2.4510	2.4900
4.7110	2.4500	2.4900
4.7240	2.4500	2.4890
4.6110	2.4590	2.4900
4.6850	2.4600	2.4880
4.6100	2.4680	2.4880
4.5420	2.4770	2.4890
4.5150	2.4850	2.4880
4.5820	2.4850	2.4900
4.6190	2.4870	2.4880
4.5270	2.4940	2.4890
4.5840	2.4930	2.4900
4.6090	2.4940	2.4890
4.6160	2.4940	2.4890
4.4980	2.5020	2.4890
4.5670	2.5020	2.4910
4.5830	2.5020	2.4870
4.5890	2.5020	2.4910
4.5930	2.5020	2.4880
4.5970	2.5020	2.4900
4.6060	2.5020	2.4900
4.6050	2.5020	2.4880
4.6170	2.5020	2.4910
4.6030	2.5080	2.4880
4.5230	2.5110	2.4900
4.5720	2.5110	2.4880
4.5800	2.5110	2.4900
4.5830	2.5110	2.4920
4.5890	2.5110	2.4920
4.5960	2.5110	2.4890
4.5970	2.5120	2.4880
4.4680	2.5200	2.4880
4.5280	2.5200	2.4880
4.5550	2.5200	2.4890
4.5600	2.5200	2.4910
4.4320	2.5290	2.4900
4.4960	2.5290	2.4900
4.5150	2.5290	2.4900
4.5200	2.5290	2.4890
4.5160	2.5280	2.4890
4.5190	2.5280	2.4880
4.5200	2.5280	2.4890
4.5210	2.5280	2.4890
4.5130	2.5280	2.4890
4.5150	2.5280	2.4850
4.5160	2.5290	2.4880
4.5170	2.5280	2.4890
4.5140	2.5280	2.4890
4.5130	2.5290	2.4900
4.5120	2.5290	2.4910
4.5170	2.5290	2.4890
4.5140	2.5280	2.4870
4.5160	2.5280	2.4890
4.5150	2.5290	2.4900
4.5110	2.5290	2.4900
4.5110	2.5290	2.4890
4.5110	2.5280	2.4880
4.5150	2.5290	2.4910
4.5130	2.5280	2.4900
4.5160	2.5280	2.4870
4.5110	2.5280	2.4910
4.5090	2.5280	2.4880
4.5100	2.5280	2.4880
4.5110	2.5290	2.4880
4.5100	2.5280	2.4880
4.5120	2.5280	2.4870
4.5120	2.5290	2.4890
4.5110	2.5280	2.4890
4.5130	2.5280	2.4930
4.5090	2.5280	2.4900
4.5070	2.5280	2.4880
4.5070	2.5280	2.4890
4.5070	2.5280	2.4880
4.5040	2.5280	2.4910
4.5050	2.5290	2.4900
4.5050	2.5280	2.4920
4.5070	2.5280	2.4900
4.5070	2.5280	2.4900
4.5030	2.5290	2.4910
4.5010	2.5290	2.4900
4.5030	2.5280	2.4880
4.5000	2.5280	2.4910
4.5070	2.5280	2.4890
4.5040	2.5280	2.4930
4.5030	2.5280	2.4880
4.5030	2.5280	2.4910
4.5010	2.5280	2.4890
4.5050	2.5280	2.4920
4.5010	2.5280	2.4910
4.5000	2.5290	2.4920
4.5000	2.5290	2.4920
4.4990	2.5280	2.4910
4.7790	2.4850	2.4890
8.6430	2.2110	2.4890
7.7420	2.1580	2.4930
6.9560	2.1490	2.4900
6.5960	2.1580	2.4910
6.1590	2.2180	2.4920
4.0740	2.3860	2.4900
3.6720	2.4880	2.4890
4.3970	2.5110	2.4900
4.5200	2.5360	2.4900
4.3650	2.5630	2.4880
4.4800	2.5710	2.4900
4.5880	2.5710	2.4890
4.6290	2.5710	2.4890
4.6660	2.5640	2.4890
4.7160	2.5630	2.4900
4.6690	2.5630	2.4890
4.6550	2.5630	2.4880
4.7800	2.5550	2.4900
4.8340	2.5420	2.4910
4.9570	2.5280	2.4880
4.9710	2.5200	2.4900
4.9000	2.5200	2.4910
4.9990	2.5110	2.4880
4.9270	2.5110	2.4920
4.9070	2.5110	2.4910
4.9080	2.5110	2.4890
4.9090	2.5110	2.4890
4.9080	2.5110	2.4910
4.9150	2.5110	2.4890
4.9190	2.5110	2.4890
4.9190	2.5110	2.4920
4.9280	2.5110	2.4900
4.9290	2.5110	2.4930
4.9320	2.5110	2.4900
4.9310	2.5110	2.4900
4.9360	2.5110	2.4910
4.9450	2.5110	2.4880
4.8130	2.5200	2.4920
4.8770	2.5200	2.4900
4.7770	2.5280	2.4900
4.7100	2.5370	2.4880
4.7910	2.5370	2.4890
4.8080	2.5370	2.4900
4.8090	2.5370	2.4920
4.8080	2.5370	2.4900
4.8030	2.5370	2.4910
4.8030	2.5370	2.4890
4.8030	2.5370	2.4900
4.7960	2.5360	2.4880
4.7960	2.5370	2.4910
4.7960	2.5370	2.4900
4.7930	2.5370	2.4900
4.7920	2.5370	2.4890
4.7940	2.5370	2.4910
4.7880	2.5370	2.4890
4.7900	2.5370	2.4910
4.7780	2.5370	2.4900
4.7800	2.5370	2.4890
4.7820	2.5370	2.4900
4.7770	2.5370	2.4890
4.7760	2.5370	2.4910
4.7730	2.5360	2.4910
4.7750	2.5360	2.4920
4.7710	2.5370	2.4890
4.7720	2.5370	2.4870
4.7610	2.5370	2.4880
4.7630	2.5370	2.4910
4.7650	2.5370	2.4900
4.7560	2.5360	2.4900
4.7580	2.5370	2.4900
4.7520	2.5370	2.4910
4.7530	2.5370	2.4910
4.7500	2.5360	2.4900
4.7510	2.5370	2.4910
4.7460	2.5370	2.4890
4.7460	2.5370	2.4900
4.8690	2.5280	2.4890
4.8020	2.5280	2.4920
4.7940	2.5280	2.4890
4.7840	2.5280	2.4890
4.7820	2.5280	2.4910
4.7870	2.5290	2.4900
4.7860	2.5290	2.4890
4.7850	2.5280	2.4910
4.7840	2.5290	2.4870
4.8710	2.5220	2.4900
4.8560	2.5200	2.4900
4.8300	2.5200	2.4850
4.8310	2.5250	2.4880
4.7470	2.5280	2.4890
4.7710	2.5260	2.4890
4.8730	2.5200	2.4900
4.8160	2.5210	2.4890
4.7670	2.5210	2.4900
4.7640	2.5280	2.4920
4.7590	2.5280	2.4880
4.7760	2.5280	2.4910
