
g = 9.81
v = 10
m = 1
d = 1
J = 1
Js = 1
h = 1

Ki = [1 1]
Kp = [1 1]
Kd = [1 1]

tau = 0.2
